	1 :{
		'accuracies': 
					[0.4216666666666667, 0.42583333333333334, 0.44166666666666665, 0.37583333333333335, 0.4075, 0.44666666666666666, 0.46, 0.4483333333333333, 0.4533333333333333, 0.37916666666666665, 0.4008333333333333, 0.4475, 0.41833333333333333, 0.44, 0.3875, 0.44333333333333336, 0.4141666666666667, 0.3591666666666667, 0.5841666666666666, 0.5933333333333334, 0.6, 0.6016666666666667, 0.5808333333333333, 0.5725, 0.5725], 
		'best_y': 0.6016666666666667, 
		'best_candidate': {
						'conv_feature_num': 64, 
						'conv_kernel_size': 7, 
						'conv_stride': 2, 
						'hidden1': 512, 
						'lr': 0.0001, 
						'activation': 'Tanh', 
						'weight_decay': 0.0, 
						'epoch': 35, 
						'batch_size': 128}},

	2:{
		'accuracies': 
					[0.5583333333333333, 0.5625, 0.5516666666666666, 0.5683333333333334, 0.55, 0.5816666666666667, 0.595, 0.5766666666666667, 0.6083333333333333, 0.5808333333333333, 0.6016666666666667, 0.5633333333333334, 0.5775, 0.5833333333333334, 0.5733333333333334, 0.5783333333333334, 0.555, 0.5658333333333333, 0.585, 0.5833333333333334, 0.5866666666666667, 0.5683333333333334, 0.5625, 0.5741666666666667, 0.6033333333333334], 
		'best_y': 0.6083333333333333, 
		'best_candidate': {
						'conv_feature_num': 64, 
						'conv_kernel_size': 5, 
						'conv_stride': 2, 
						'hidden1': 256, 
						'lr': 0.001, 
						'activation': 'LeakyReLU', 
						'weight_decay': 0.0001, 
						'epoch': 15, 
						'batch_size': 128}}

	3:{
		'accuracies': 
					[0.5425, 0.5583333333333333, 0.545, 0.53, 0.5325, 0.5, 0.5325, 0.5533333333333333, 0.15583333333333332, 0.5316666666666666, 0.5525, 0.5625, 0.5491666666666667, 0.545, 0.5341666666666667, 0.5391666666666667, 0.5416666666666666, 0.555, 0.5083333333333333, 0.5425, 0.5291666666666667, 0.5708333333333333, 0.5275, 0.545, 0.5391666666666667], 
		'best_y': 0.5708333333333333, 
		'best_candidate': {
						'conv_feature_num': 8, 
						'conv_kernel_size': 7, 
						'conv_stride': 1, 
						'hidden1': 256, 
						'lr': 0.001, 
						'activation': 'Tanh', 
						'weight_decay': 0.001, 
						'epoch': 35, 
						'batch_size': 64}}

	4: {
		'accuracies': 
				[0.18, 0.1775, 0.10583333333333333, 0.1825, 0.16083333333333333, 0.22, 0.17666666666666667, 0.12666666666666668, 0.1575, 0.18166666666666667, 0.155, 0.1775, 0.18166666666666667, 0.1975, 0.3541666666666667, 0.3233333333333333, 0.31416666666666665, 0.3433333333333333, 0.43, 0.3883333333333333, 0.15333333333333332, 0.3333333333333333, 0.16833333333333333, 0.2791666666666667, 0.275], 
		'best_y': 0.43, 
		'best_candidate': {
		'conv_feature_num': 32, 
		'conv_kernel_size': 5, 
		'conv_stride': 2, 
		'hidden1': 512, 
		'lr': 0.01, 
		'activation': 'ReLU', 
		'weight_decay': 0.0001, 
		'epoch': 10, 
		'batch_size': 64}}

}